102800
33046
7053
68475
1509
45923
8836
36479
13654
17261
29156
43379
35111
67586
103551
17519
55341
32544
2919
113930
30656
21710
41311
83602
58418
92376
45004
83390
28920
20888
96709
90803
51615
11617
20511
132552
123249
77956
43866
36964
58613
70594
42616
99391
69414
69666
73243
73940
77518
6319
84300
37213
45286
120010
72608
83688
7988
124522
57081
52615
103637
16900
68873
127372
96999
98823
49896
134202
93220
76719
59309
31421
60759
51878
112178
10121
54724
2026
26734
31892
6854
11056
33932
88274
27759
90349
25536
109572
47214
125197
115005
73463
96045
29587
69259
68174
37964
65070
93357
134410
102862
128807
32846
3815
58551
127590
18325
129208
92677
24372
10156
9395
95159
91707
28053
89422
94252
62785
23512
34246
10925
86655
102422
40106
97529
14144
129341
119413
30324
104313
64120
79428
29185
49802
27973
52289
76154
134300
105062
77631
13892
54524
43980
23237
122290
79575
79944
96508
94665
103852
532
40714
64662
134038
23102
128598
96851
1120
16795
20822
55429
55796
101590
131739
41359
2439
63524
102431
75977
64857
132903
116841
86303
112850
39231
94839
87905
30342
62431
57898
93896
28353
62142
24365
23796
101423
2368
106182
101147
90625
75399
20845
62470
35618
131829
11396
114985
63166
113998
68964
20887
125737
19144
75319
25984
25301
11881
104757
31320
83221
114995
122058
77378
76413
13790
11061
115940
69720
25880
44241
23565
92449
16048
51400
30836
69769
93013
69881
17999
65439
96882
87813
108666
54171
38974
13166
60099
121156
20149
126180
34159
70295
80587
38945
9681
89488
104233
24765
136272
122687
3495
60913
16901
33185
19140
98970
16433
42288
124184
9664
1773
14759
60085
133230
58878
16125
91675
80898
124511
20238
54922
108328
19128
11351
11896
133667
40773
25137
27956
34630
53355
36034
92480
10013
121102
81229
114242
18547
92460
56129
79370
21234
9618
69994
33123
77603
89265
107526
10220
27727
1058
28988
101101
54751
40638
123713
131714
47017
12348
75505
39375
111941
6521
110904
2428
52112
98028
31740
102661
5676
90295
115306
100167
49295
53670
126419
29726
7954
10026
81640
86916
110948
2226
99014
46577
19861
93557
77007
97925
30965
11096
11714
30008
26359
86240
15811
63236
76485
133636
43871
36174
97522
57210
21163
35097
112623
47799
7456
28373
17599
102504
54061
122819
133771
29549
136180
99607
71912
17940
136340
111712
132975
6617
131706
38640
32684
63088
85175
136390
61391
25722
115888
36826
25822
40172
18088
111820
111517
60100
47723
68993
122943
10253
30712
6905
19729
127975
51388
24707
113611
25800
16001
30825
12700
28641
12471
11459
129628
51953
54192
113363
59632
10610
45794
45545
14465
80475
49185
136904
55400
60985
105943
114909
101323
17619
24328
39276
52622
110008
30730
98648
122223
17613
65985
94046
53434
22698
17917
11411
27089
15708
19671
90113
133288
111057
105491
29394
41813
124382
16247
50761
115866
31774
70583
94996
62502
108810
22649
26874
19493
133424
54397
69926
20103
80696
8089
126091
6484
74688
101522
66761
71618
67284
99118
128838
2116
29275
88691
119922
33897
133232
61499
41488
13439
107344
129696
108147
54795
89518
29531
105962
33951
63198
13218
108251
125006
89008
2512
102838
131709
16023
3120
124392
73862
125604
59095
36237
60164
134904
134297
61113
77396
53189
102372
81209
45365
98934
45675
117143
35898
55837
115701
30027
31431
26599
40729
81969
19588
286
1236
69783
116948
101937
82070
102249
33941
68264
45266
123076
90236
81859
2059
93049
21933
68295
103235
61693
125148
59851
101993
37598
53501
90603
218
124836
43282
130864
16089
44256
82453
47303
104108
83681
64466
109302
2235
33672
73816
133657
42777
11081
74546
32455
28952
24223
95779
15326
70150
123059
6523
59737
89494
24785
49140
17014
12016
81498
83687
109088
25212
21182
70145
35994
90123
93540
99973
91735
72900
40914
100417
117547
135966
32475
61707
34905
109950
121465
74586
14532
58904
97582
16399
133638
53875
36337
69380
105253
22000
90037
10162
60149
24043
57812
39068
8193
106947
75986
132417
76520
21000
25127
4330
10061
44390
25063
121372
33559
45304
82511
122061
2678
24096
48019
101281
47790
11625
11026
45634
11815
42341
33621
13972
46067
83248
17430
30737
5319
111616
70728
38299
103957
31316
60902
25046
8801
33583
20821
7216
86552
27648
49161
70802
4768
55454
79559
44450
14243
131782
41364
133859
125756
39690
102524
93219
33170
23537
80751
3668
20995
55602
115876
6121
47748
51464
70259
45857
77194
56275
26795
52598
95404
31595
12110
136869
12518
39296
23266
39029
97152
112535
6890
53649
113165
11820
13857
39920
68211
88209
61999
36623
31764
124341
95938
61126
45073
17514
39083
46101
40693
20398
17789
25329
127852
44162
99489
69335
97158
113335
43804
77940
9047
113638
4510
1924
120928
33034
11911
129788
132596
29473
21789
113981
81652
83209
74850
49091
206
22268
19105
19222
76902
3653
129633
106584
51716
66209
77389
2361
4381
24562
14015
2310
103693
135252
119770
41952
60046
45921
60299
26375
58028
44788
35106
65884
123628
40735
12417
126378
10593
8241
92201
5242
13724
47276
60779
68273
92384
65113
51167
53381
128324
39595
56200
93609
46488
52313
13633
104309
36323
16166
61082
49692
48612
135296
112277
56427
73314
43073
30278
23820
119126
37502
103786
33512
53950
40185
41580
8367
55526
53234
118044
62059
54627
6270
62477
136671
86073
69852
66988
67246
20826
60182
114388
29450
93008
63323
115070
49506
13854
130726
67273
23347
84064
85296
114943
48737
86733
70396
13795
98848
18931
132219
117139
6205
101873
97562
15431
63124
46223
93997
125709
13081
23361
107443
113912
26252
28090
44117
45367
36180
4112
3890
114994
27082
24598
24845
12907
49705
71814
63009
96726
39298
115022
19993
25259
26828
56751
38758
1560
56429
35948
82387
67263
108155
92749
40032
47447
60731
64021
69213
18664
106255
27310
71808
101456
90297
70057
81982
54085
17131
108870
49643
71283
136766
80126
9251
106471
25866
92241
57798
5477
2508
1669
58568
10415
51265
1809
108010
16465
95819
60115
115612
10691
43269
77234
18445
92078
87320
65151
50866
12835
49518
96894
115001
89041
19636
129425
104311
88471
42948
82443
73263
30745
136690
12733
28290
19085
79351
111227
135630
62053
18002
115358
73851
69640
91320
34005
45072
102911
28815
135862
34690
98576
114646
2108
10465
50346
1785
82527
39088
101637
11022
49092
290
63804
58089
34576
34601
92552
99657
11988
62707
95869
12780
53226
85250
124262
111416
92766
59007
114700
18169
97783
4965
47823
25244
14588
2373
86995
95178
8188
55253
132346
89536
26298
114948
73512
98165
66864
111049
43290
12853
133387
26520
55494
89240
97632
99393
14733
27395
33276
7312
26487
69295
101183
28263
62693
90797
71990
11219
118803
58462
6472
93426
44537
23833
82091
72013
96275
95138
71430
6227
36425
120594
21461
66750
19182
11474
92374
136774
3051
77104
7074
43013
24688
45514
47486
131181
116991
59046
124987
63871
94819
61668
11939
49793
50253
113475
101185
101234
59191
30509
109533
64877
120639
122467
30973
131
66074
123086
101337
6973
93037
59400
127716
103020
33945
33990
116694
106599
71737
35120
35536
20856
132203
65737
110129
49191
27716
35204
56959
34535
15476
75269
61911
29556
89839
87133
13387
18783
105014
12564
88959
27803
97403
4417
99705
33342
60592
16404
33152
79788
71199
35514
134521
114426
25362
96523
100676
32364
17671
101586
78083
104722
60243
97846
18685
1206
66161
77051
25629
45796
45676
98652
49836
7484
10018
114991
34646
110680
47418
61750
92081
36080
42624
26779
88337
3164
82395
25530
27968
113297
112682
37661
79714
62016
73
24743
117102
62367
23260
60141
19649
107844
128891
80882
5194
48788
96254
9769
45430
59355
122293
68831
33784
62865
70364
21188
124743
36892
40166
6927
58403
57819
72421
7793
55374
81864
8969
37196
111337
18086
100995
53136
5810
135351
75110
109762
65045
49752
72801
19480
100421
77151
46225
127382
18399
120687
18567
28015
7097
44745
31888
123646
53745
559
76322
35571
96052
34559
125166
119743
25054
88712
56424
67385
82541
52254
37640
114280
96448
24087
83291
42729
25995
65176
112760
85952
121828
15880
113960
13891
24217
111216
30880
71345
20955
20255
67356
116314
133214
10956
2273
90920
89971
116738
28909
15016
76755
111794
52424
70318
37135
72570
25270
45504
73057
128330
64105
6693
38803
1620
63745
88981
116822
27006
57492
95879
52221
46593
38664
86285
71220
120919
50942
26091
47347
129974
48661
55970
63936
104514
1186
135399
29809
28220
47009
51146
53119
2787
81241
45644
80984
33348
49572
24501
12782
12552
93898
29111
68735
120352
60935
33173
94933
52702
40583
124424
49431
76459
61069
64661
32826
69293
30244
109034
63628
121142
135730
135759
34797
88535
31652
101745
23652
30866
75183
16881
63322
6969
669
69463
74216
45491
22972
12778
81803
117953
92373
95006
21551
109918
135378
120593
87846
12805
86217
30068
88934
129956
77299
106038
9780
71850
99908
86194
76611
121129
60225
63419
7871
92798
133632
25796
57016
46640
13585
112409
86397
59677
102414
66268
38950
47700
130240
113331
2850
90132
99350
13592
46088
127514
31770
98569
115916
85552
102909
91199
62100
76768
37695
27963
65896
20096
68596
53062
10969
15512
99203
13680
51473
72166
128164
25323
71302
136998
6993
31085
130556
37095
132856
14097
7185
115016
11565
67139
4732
58446
114342
66252
70995
71651
55181
47951
16529
120162
125698
27135
37
39024
1207
52864
49627
47153
14751
25603
8135
48117
115077
12515
36290
90810
82467
125769
116089
133869
128866
34117
28933
41161
89619
68799
129491
124783
35621
36633
135714
97778
32559
57896
55365
24168
134459
69531
58965
32005
127892
119662
3703
100224
106750
64735
8761
61462
119517
41922
62429
125945
69904
33636
15994
87762
103390
73528
1472
80820
15928
69581
101300
117087
11899
104478
121369
91289
15532
89080
72183
98731
126533
92536
50805
75282
6068
84034
96127
35753
66780
34136
42011
54023
102912
15620
122834
83960
33081
67855
76743
114603
105975
19457
41687
111809
132317
77928
36973
51903
10017
11134
85838
20915
110107
60395
119313
106654
95399
6591
1175
1528
59353
3984
121711
9060
121442
123850
62857
17070
26169
54644
45708
50780
61653
116001
1889
33376
772
25598
103499
136276
44974
29162
119772
42136
83901
91195
124622
127326
61344
31607
52872
53536
15836
105604
8389
54369
126015
127463
43235
88500
106034
44019
13840
107973
78051
95449
124535
14637
32316
116289
60346
16692
3776
47579
85608
134408
38641
20007
3882
69665
752
62507
116425
78719
96941
115481
93678
47992
87456
109092
33137
82916
28855
6511
61280
20188
74073
69110
77334
122274
66040
71061
2766
124934
24676
94095
28006
130322
110002
24024
18004
102083
14043
40049
104888
115003
56060
76641
36035
44507
16034
3040
5522
15412
16765
92252
89620
58654
32086
100855
82493
27874
121449
76150
22562
110766
52187
47596
33155
8980
119607
39201
104181
34547
28946
55622
29860
114012
46576
11628
37327
118451
29641
29294
35216
98852
20851
127108
84792
57149
126457
130815
54058
95305
64122
4450
44397
80715
28934
105046
564
92041
16880
49284
102775
26707
97014
94354
13024
85728
70935
57997
11136
3187
63301
68189
43170
49125
34571
23205
103452
27614
118698
25192
112441
88490
23677
12610
73864
53638
76329
47323
63079
112108
136505
24028
69972
12931
134653
20159
126954
131584
48002
54477
4023
3862
132918
120992
105787
45791
31151
134637
134615
91963
83784
131451
98245
103421
85561
1309
84738
131995
87862
54616
17689
119568
34257
84290
129821
13363
106601
224
17407
73250
6079
93314
113184
42868
128069
8706
34997
11337
89123
2651
108748
81500
135499
9982
24333
133766
2754
85491
33975
19000
90046
114085
16025
1021
28624
64846
99963
45302
128383
3510
13987
67341
10653
35493
54625
126408
105619
2411
6972
123524
36340
31372
124626
25853
63464
32447
98643
85219
119523
27953
23597
110374
63037
12922
83563
2314
103406
28401
81192
74460
50199
85331
28444
81414
94223
75952
25700
83804
26984
136318
40938
26689
17588
78548
85726
96129
20717
50461
27838
87115
103509
102267
34617
66779
110271
13234
27199
100599
122052
14414
127495
44672
59759
2761
61663
11883
49725
61852
67164
7984
118804
16579
17226
99366
63230
86854
100775
34217
108329
77693
101303
130629
80076
125069
131505
80551
68418
47293
95252
73035
27346
46533
62705
118821
13052
39893
57180
4622
34218
103840
94435
125485
109477
122116
1615
114516
114999
29157
51080
16427
13978
3972
126464
26941
2090
62042
44127
38983
28775
23526
10598
12818
34129
73200
9229
1051
20308
134149
2438
23345
7298
49462
133712
76841
21749
133483
19657
91182
82033
86525
76691
110538
40261
60570
13206
111988
80948
18092
122270
107850
117119
46586
30242
12152
55741
52686
44949
68768
100942
55316
127157
71452
60607
50247
54714
56112
289
29188
59167
72736
121409
31932
101181
3626
109588
46079
50816
38701
38029
116300
14305
25648
52145
25655
57547
8229
53584
1694
33103
33804
117959
121370
107730
131231
29674
53307
35191
96498
56390
109671
102701
96705
34144
74784
134737
99599
76934
115617
8789
12804
47194
135706
134898
134741
125753
67838
132326
11025
62122
76229
133962
90198
6460
69555
67344
47753
91740
106696
90173
60334
129977
114024
88965
81233
88453
11101
94538
17001
109404
2154
100625
70003
38719
119493
78348
14127
62236
94025
20090
62014
4395
29530
4051
90110
83898
96690
84482
55036
10810
30435
129207
10502
92111
12184
20932
30844
8396
98023
40809
11597
2180
9715
36400
39744
63109
10065
51709
93006
62326
37382
119645
121612
100153
75871
41762
104952
6231
112895
945
93680
9526
134411
13806
103030
36732
101122
53338
130516
32682
102181
127080
2198
134289
27910
13286
94986
19339
112276
30282
50188
9933
104813
85530
56093
87716
103560
64886
80414
63974
103790
25620
4586
118890
552
22353
102673
135851
102215
37812
38025
68169
32612
35155
39450
125751
6078
59478
103282
61461
5493
47295
128865
91120
71804
112303
128738
97865
60654
77312
18700
130544
100117
77325
34752
71094
105066
64106
69204
93233
127912
106017
131814
16152
81847
65823
51023
97461
76484
114327
123732
12321
63127
94523
9088
70827
40077
38981
27442
20369
20014
37923
88940
72735
42227
15859
14700
47663
123354
59020
87410
69232
65241
113977
128659
129019
14070
131030
22448
13871
43169
28491
28762
34846
71734
24070
39655
78897
69546
14586
56268
63040
114722
7270
89695
80843
39542
36718
93396
2155
107297
63841
3496
10012
62946
38090
122876
25567
24155
88893
57154
50371
121239
42897
98574
107853
20246
61956
13936
50956
76764
49781
41146
123242
21558
65474
122754
1360
30132
5525
81573
48915
85531
1354
53132
128040
29519
125147
36947
12763
37699
24762
60565
109782
54603
98977
35778
64220
33989
116815
77354
3327
40380
10047
39592
122049
125370
85260
135688
108768
62838
75475
49923
52665
66663
50160
110253
32966
77834
15300
28970
50600
15404
69176
37751
68520
96033
21292
124444
78864
109517
86506
131639
89424
7676
28973
68374
22199
118312
40708
69344
12534
39670
12034
78490
45064
13773
117174
30254
4097
136548
46643
36453
84348
32816
132139
100423
50016
78780
95003
101908
10076
134488
111046
114274
80040
33025
24089
80466
12143
61671
132602
19088
26118
66493
29091
4095
40572
128817
40171
38737
33966
130350
12452
61394
132926
51297
128349
12226
7991
10543
69437
77244
121389
122529
133399
26911
6637
46271
108774
99021
71620
94640
6772
54385
6576
42215
116059
13542
105027
48677
2823
90009
35829
119310
1257
5094
91142
10715
98557
4105
43920
88501
126020
90615
135742
59477
96088
664
10905
1290
16015
60889
124126
29623
130832
76219
91126
1421
90912
102938
62092
65475
55226
134585
27085
130738
18012
2421
42679
1789
111642
105523
49865
110861
14217
94937
12009
130432
16784
46236
136986
78017
106291
12100
63129
29202
101559
53805
115458
23488
40039
101749
6014
3445
85249
27316
87854
36768
70676
23948
128271
31921
42983
103970
34565
22349
17923
7971
62129
34250
30833
68957
49669
41990
58408
117066
93355
123020
96458
126298
17195
133496
36104
1547
44173
78531
93536
84869
32315
26900
109131
103522
96217
44075
5904
95983
6245
11956
53465
38036
23583
13510
40762
68416
94056
83110
13752
31126
103960
116720
26177
58052
42772
118933
109654
125706
56217
10440
26934
14985
135189
10227
19214
112055
48911
37034
87945
49937
58594
7417
20208
31659
71875
27864
33058
98259
28076
131044
2547
45873
22013
32885
75609
90494
117769
82252
67905
100399
22312
89621
98398
7678
76137
102211
107554
2611
54604
136773
83277
119337
5061
125158
31347
135712
124225
71097
72007
114954
134890
95153
134860
75024
28627
46589
87584
127877
63071
2830
96703
43132
76254
104512
119120
136875
48632
59389
49877
40260
90794
90853
48262
34870
43
60668
24385
68893
73836
81052
50030
1948
30869
27375
114987
618
81385
10433
2098
76111
48157
518
40319
122897
14048
40783
4368
104626
49183
4066
64049
84576
115004
54103
106545
121721
27162
6465
56683
5608
113553
33924
62917
40144
55678
66425
18890
124895
109658
21390
82405
136616
17206
5969
95673
49306
115733
10128
123770
1020
5744
30359
70471
93777
32082
44405
16270
67076
126618
55114
96162
67274
59749
2045
49418
58103
120415
17726
120630
55846
55893
12528
33494
47846
106235
128355
22385
112327
31824
133228
34965
11534
27646
1677
131770
72940
3336
10417
37237
98507
48121
72666
20394
93700
34555
35149
34706
62062
20106
52345
20735
131313
113882
23093
41028
79509
107718
61090
26991
86761
87383
13335
51180
68434
53752
51107
76347
51384
125294
9573
49942
63218
13504
123080
13257
26729
88719
9308
82569
8435
92534
81767
115597
63043
60812
80514
131314
48774
24244
26896
117399
20126
98042
110283
95362
46110
17201
73188
108753
43919
79815
127534
53280
135626
77620
129557
14278
83502
123863
71702
50194
45904
122911
75515
76521
13302
83365
25552
90536
7482
114660
92685
32866
77278
130419
84171
80138
8251
96719
35997
120181
87657
13917
86394
26690
8381
27306
90624
1495
135927
6872
13156
54938
104820
89029
37363
93552
129586
17543
20284
67318
21889
63797
106766
37675
104770
133801
17771
121334
118770
75584
115111
134058
17612
3016
129203
81289
57814
11826
46124
16702
135253
104617
121823
49846
94903
44395
108991
106480
124226
3582
486
132198
28288
97489
4657
39124
14319
113982
115208
12975
48690
74272
21017
103052
24237
5359
29074
18621
95023
60845
38355
50812
108305
90711
69541
49966
135513
53394
68809
113551
116213
22905
44834
46293
105527
107476
13011
26495
81645
18398
80993
75037
87117
20013
64586
85663
80171
122371
325
34663
57598
102300
58209
53160
67298
113943
62923
84677
13740
27702
123437
78341
14152
8215
51889
10432
11851
62506
2857
129607
91413
40637
51122
54597
126236
87598
87139
20724
122575
131087
46752
93131
67152
82245
40749
78080
31799
133613
83471
61768
68376
25623
55894
84820
4067
50437
46664
40603
46246
62737
13673
133603
9292
102437
67350
97900
37629
36903
82046
46820
19958
23051
68823
107290
70355
79265
18953
1216
50430
105122
51650
66250
32928
87880
12962
70576
44589
7358
9900
133356
25109
116174
34748
122434
29561
47696
27857
64002
42876
102795
136572
51201
127642
28744
24601
26635
135812
79286
78381
58033
34006
127407
76693
36280
85311
113176
3591
108503
74948
46531
95534
82787
118708
35307
12173
20361
49268
47657
98815
30818
21632
114645
95337
11912
28057
14464
136996
128325
67670
2162
31715
51220
87113
86342
30945
8176
126820
41665
37047
31749
69185
76726
9040
59621
71106
6676
131311
130783
33255
68252
62097
4535
35024
60813
108448
91863
31571
32548
13898
26946
82557
125499
38399
46068
5128
34072
21124
7927
54612
126769
45519
59622
126711
21315
45353
68733
79916
17669
47980
18463
90537
7687
17770
21550
13904
38682
126187
26374
10752
59361
93551
136399
87497
53152
87020
60766
4878
42188
90446
76904
116990
86944
78231
26296
56790
18734
63903
3850
65153
60285
52862
124427
6157
135924
72287
23258
128034
41078
43981
88736
66879
10908
12668
44153
42787
23959
124300
130013
115442
90006
70672
97296
111851
6900
45632
69198
80765
26301
72122
13971
24489
89681
38538
79394
121639
51278
4865
18722
106938
29597
87766
84
13267
24712
6173
29626
82366
63781
29648
4988
78012
71963
91221
93289
133956
35761
36522
35344
89764
52359
104883
70626
1194
38801
102435
56460
114488
5901
14233
111855
71754
28764
23305
135181
86180
98776
19418
54111
83131
51294
16289
110920
59822
90351
55934
83785
124099
6959
56299
11635
68717
41247
83119
12243
77585
26982
97890
79226
73014
87431
28589
127665
121937
34579
13418
47432
117382
91872
31109
39065
51379
64648
49853
80484
41995
71069
103093
73464
105419
52415
82604
49745
21580
89023
14052
46900
38020
77461
99104
115009
81126
131516
63637
29812
128091
99443
118727
41719
1312
115325
11882
31318
59292
58839
7467
97392
1393
54557
93765
119800
100301
49157
60784
131204
20179
135887
23071
129477
1074
103213
78777
135835
136361
12785
54292
25863
56892
19111
17926
19564
20893
119599
23558
47989
108697
43973
13687
13878
43850
91090
11200
5215
126143
100655
101693
54672
1430
13486
121022
2332
55336
18997
9973
53493
68658
42104
2613
54202
4983
87182
10092
10257
39898
8736
85313
68137
104697
110949
13583
121554
39702
42258
43862
81104
74113
124340
121401
78153
64381
116418
4152
82627
8051
4934
72199
54894
58733
121110
3428
19319
28430
93906
19405
103533
54952
44629
22951
12294
8776
56501
124090
36025
93553
54421
50779
18603
7529
35210
77013
129075
88967
4173
10661
32783
125804
27499
42534
39868
78919
70018
57172
857
11886
36920
101832
13407
10765
118415
54028
79182
15191
7320
118487
120600
1204
11328
2788
103907
98666
133675
60650
93723
28862
21752
50213
21746
7188
47815
20649
5106
50326
76420
40801
23451
7109
67313
87830
107419
67389
33653
113543
136172
99378
7180
83921
109390
54480
45612
49472
25920
76260
12900
6413
85368
4737
10179
35896
8110
110183
28844
96337
599
93957
58009
51833
7460
4841
51637
16928
6874
130510
25141
85309
975
4899
80685
99020
121338
25084
16294
18158
54342
7194
69822
53813
26822
16622
67865
47601
108316
69540
75119
121537
76320
67327
120215
12089
51900
105985
133579
71721
57806
122265
98434
25467
40226
46296
72628
1429
1411
76675
20210
47093
127844
135738
42102
16873
49666
62947
17767
59614
92274
52003
80741
18482
77005
58871
104961
88139
91133
85797
18761
69816
115448
64355
88441
73830
83104
50295
16589
67400
136758
86594
47655
86975
71191
96435
49963
83603
72269
14911
31688
26590
52284
117392
130353
6950
3098
2989
82321
65771
7372
42826
30942
26617
17177
78158
31867
33169
17692
22148
91576
64435
51816
126638
2664
65455
38842
7334
55310
100132
69225
125375
13841
120068
89869
123608
56486
2394
35222
14346
75447
10806
10174
59434
1225
80507
25533
3725
119196
16572
79372
99808
83445
8823
83191
70377
38985
6337
35027
14077
49884
68968
21670
85933
41004
60560
50434
25934
6892
115028
109936
72153
36503
8357
42390
53713
587
133127
3215
72300
95476
52472
135755
33987
103008
92713
84396
71237
354
120422
108705
36356
127272
17104
17957
40114
32137
12113
11709
55423
74148
18866
113856
131656
126953
19399
46289
44114
33131
119757
5610
47253
90164
123247
28435
13649
6692
80401
70799
84011
120564
109140
97270
70814
83747
100129
80270
35458
69690
110489
108893
33479
75443
35806
2350
83114
12801
102813
55413
95683
38343
62428
42107
41409
113023
106447
77584
107345
40886
91797
135821
12870
39486
83332
46520
129716
78261
4895
16099
33697
39112
52459
136476
99753
33360
98421
97812
74157
8412
4719
92773
8063
53944
70546
93741
135896
108477
14573
64459
83534
37987
7328
50314
12584
17243
8225
1816
49068
17973
125490
58949
49255
51002
54348
95340
28962
110117
106774
15961
4194
95840
41223
2028
80461
36532
70277
73930
59761
90589
4999
37400
32851
35196
115456
33240
39400
60773
44668
64086
14235
123411
122119
128181
17929
26975
79125
10507
715
113419
61486
79894
66787
136139
60820
134955
37021
9306
118379
16029
11933
4317
10783
4041
70600
69047
130603
517
40220
29045
39225
69944
127058
78162
10789
16004
134318
114780
71843
69642
59515
76009
90646
72589
64637
19872
33064
100303
112312
95954
66240
34275
113639
90336
46699
24253
115139
35872
52761
32865
9670
8136
35787
97958
131194
99336
36817
86603
124534
28737
28514
103156
67355
50156
113908
20445
48513
81393
135539
32677
4937
95499
55727
75374
107553
116185
51448
28348
51513
114808
72688
54581
98607
58780
34420
133631
98627
7047
106329
131878
87834
60464
21014
79725
129950
27024
71956
122483
100086
45572
40361
29669
2270
8331
53483
64966
42781
28712
93359
99095
89537
63819
33901
65465
42199
3657
119195
124866
45360
124049
134067
134917
26715
37338
102454
118146
7366
42309
57460
135526
54517
106279
19048
31592
82134
106120
55812
39671
7060
15319
53089
106917
32130
25715
56762
114574
64506
17380
46997
66652
4524
59479
105272
34040
23994
14567
123416
18943
43881
73271
58048
120596
103939
5177
134315
2938
124617
54184
133080
51110
48076
95769
73741
5839
73767
537
16310
8162
79886
17817
115334
24131
56134
71232
112961
6551
115611
127185
60359
61763
114277
47221
135328
57718
28725
75634
8468
108518
41117
69201
3658
129360
53530
24523
83958
11292
12745
74408
40931
67270
62393
68651
120611
10418
93317
71449
80264
57777
52869
42220
2320
63278
20690
63960
47647
89632
38007
76647
113887
28099
35879
29395
58828
8128
56491
25073
82786
30291
83564
117275
113491
97389
21589
21004
54950
11759
9817
121229
54022
42614
51248
98472
13666
118292
112070
133983
19790
87625
45674
21644
64128
20565
85443
37966
28231
79739
113380
129683
109210
73618
8364
27241
105894
76958
10260
76031
103774
134326
27796
118876
41369
126090
71141
13822
12603
75654
21246
102008
87163
81703
1696
95081
120670
117955
130880
761
49172
79191
104314
2807
82219
23469
98819
68691
31543
51725
122498
97465
44432
62043
79802
59139
44973
100127
62697
10559
19787
454
47590
24219
68890
76803
44934
132450
79799
74016
939
47054
26522
17762
30705
31919
109858
12678
83690
62257
20854
81408
47278
86514
101735
17962
61135
30547
40928
19886
18845
55396
6219
117457
368
17924
34447
134150
82265
3111
125840
17234
58833
13919
5492
11117
136335
17076
68949
102894
62918
56075
37017
126568
40065
58244
17684
104940
108491
54039
113058
63481
18382
42552
75689
119085
60547
71930
29331
30154
40052
40251
116176
136030
55666
31657
42091
44056
40097
52948
1465
100070
131988
74388
55584
126961
117100
134636
111791
81524
131904
25094
47413
78907
125700
125971
51435
92001
112686
106932
112605
68248
32695
114794
14508
81929
44167
132945
29419
2658
13701
46966
476
58124
112594
23271
116177
73281
40337
36745
51401
96871
55193
46645
3963
135498
79895
28376
4903
16792
4729
116999
71349
25692
132830
42804
110897
10015
34440
63765
113817
22408
9568
118542
6045
109642
95068
86762
81689
34076
8151
86824
79797
79300
125940
81902
130265
70723
116235
66711
113918
30754
30168
69042
64986
37354
99044
51685
34568
59050
25854
10116
40188
62629
50565
20842
115919
110893
59311
117908
97926
498
67309
25927
78756
1067
126337
96800
88999
10429
2033
108571
42623
115320
20079
41125
43101
125486
103240
76660
114993
77393
121972
91666
57251
43925
35917
93161
14016
60270
117954
54598
51951
40651
10067
75204
99891
36551
36268
47850
111023
94058
11878
30925
133135
18570
96295
4427
92962
67863
70182
111838
42289
20143
21238
85098
94128
9413
21854
119347
40633
61564
48855
83514
97832
81885
17650
66733
133133
114944
18598
5438
13511
122077
47887
51365
20333
84384
59905
115823
122308
131887
55740
9270
71527
125745
5558
62329
128536
4610
121376
5190
108680
70445
82026
74987
66265
36027
22950
37934
9397
100096
92446
133681
11408
111769
69115
130671
5670
21087
29677
10740
118308
6580
14860
136480
49548
34252
30572
17323
39577
72768
32952
52638
49591
8060
66664
37935
33089
133322
44271
56925
63190
13635
88715
11844
40602
65981
64121
82838
75397
21338
10347
74223
75058
64744
131848
99100
10042
3190
73436
38844
45395
55932
101015
19682
53696
20885
102094
26381
102796
97601
7445
49962
49178
35324
54696
86264
88894
1648
56052
88475
99933
56392
16343
34628
61988
83388
24569
16325
87440
73508
6915
14476
58527
14993
20219
95592
49293
10583
92439
14522
35708
113772
112449
38541
64075
24285
59162
125039
44103
94351
130983
61820
128612
89230
12317
28694
93417
135497
114025
73551
44198
123718
101618
88578
43467
28571
8369
73135
39733
77935
23456
88955
64811
20867
39175
14352
123655
67081
12081
23026
35309
60643
118834
98201
31252
17659
15724
83935
55086
53512
2127
25743
26203
117323
68719
117684
63542
113751
91083
83999
67538
52800
27094
40233
25614
43908
91162
135234
45418
25437
1945
53676
89384
114479
36368
5754
57958
54736
56409
12216
61137
41418
66676
31655
112005
120916
55080
37294
12063
16147
83391
76306
64212
126527
95572
47841
96430
134079
92129
83504
46034
88068
40523
12312
12499
36841
12976
111083
26236
11492
9608
61009
48673
37770
103777
102584
25883
17296
20751
118830
99160
4754
68664
26371
6895
60375
131466
56832
38015
98490
101184
69474
33502
38819
116103
107380
79576
20074
131162
67199
121464
67269
76906
63595
58399
4070
1079
33102
3152
125669
75228
101203
66224
130052
27059
40825
130036
102508
16945
55453
12475
45121
105517
21507
89184
6577
75422
450
112003
9030
123854
32823
67244
128369
50525
53680
17358
39246
15435
87516
9024
6581
18577
57574
6206
134418
4579
13492
37491
36161
117007
2425
9491
352
62116
58264
119775
42704
7236
81773
24163
79273
44138
23744
5102
106320
37854
10344
94459
28326
110334
82271
79855
126478
60802
50973
10846
67436
66688
37909
133566
83594
136699
8900
131280
128362
39614
68882
68145
27851
79523
26871
50261
55326
105434
134536
96542
105590
63281
13579
14547
14080
37029
68086
128603
25551
402
20499
27504
33168
52857
12325
25427
2995
82411
10205
106835
129948
12277
4854
84471
3818
88877
125796
29438
9786
78200
9672
38694
6477
26221
3062
55073
21802
37918
81941
66671
54255
123408
135465
124305
52493
4209
107479
92543
32304
134503
67044
51295
9552
34039
66912
7048
26254
88513
7753
81327
90399
96038
49601
32215
99103
12194
73560
52863
104176
122239
12481
96233
25381
67906
97466
40568
66054
127797
22404
136395
97185
18480
36910
45241
79176
2899
12777
52918
60714
4425
18022
34729
54651
132974
55490
82023
304
10160
8595
111732
76371
69885
83168
122098
22551
9799
131632
47662
114683
9273
95475
15667
102481
105759
44303
33261
31649
23032
38979
41430
62787
83224
94017
50948
36615
91344
76533
113749
50788
12098
50001
21544
10746
86667
31923
106616
64027
8097
115313
125966
37791
32608
113765
21842
134643
63206
94545
23708
2671
43473
87709
118058
103525
88570
67883
68822
82414
92942
88071
40522
99807
6101
123575
30938
62682
86615
8469
104256
85786
12795
30503
92353
5091
69102
44322
87852
943
64069
108317
41261
40046
10606
71195
20782
56811
9345
8261
49105
47734
56747
13866
42176
7421
51624
47829
14962
122676
133455
35602
75120
58220
67069
4405
26210
3624
128784
32286
19184
71255
97348
55383
56241
5456
107531
22302
6118
55120
28904
116799
105758
12935
45209
99121
59563
7356
52355
25481
57245
84888
15166
120091
75453
6889
135746
113582
43590
56815
56749
36281
33026
11021
3744
35943
41318
7427
70753
31731
64201
92783
21942
110364
71001
70234
106240
54090
109738
1987
136824
29750
41397
96189
130290
47883
11275
37309
77181
21018
18578
84480
120702
68023
15971
62009
47543
21268
31037
13804
56240
62808
92029
22318
104299
42052
81304
34385
77582
17136
90597
122283
115598
39404
5772
26793
73113
55096
128673
86907
68765
119463
90109
83942
77492
87008
31701
52319
125825
98191
51723
120103
9027
44883
28465
49522
97303
5098
61416
105261
64684
42640
12529
77729
56389
5922
94637
70903
94826
18057
41428
55842
16308
38093
119179
61003
77168
29027
39591
122387
72134
39872
10270
118780
75652
15908
49587
110451
127560
2038
25396
47281
108236
119674
50902
45002
28569
122325
34721
131620
4092
41395
45405
76800
111648
54376
55312
89524
30456
61205
67158
58935
49365
135981
107563
129747
93004
824
36352
31398
109360
8978
69777
72233
57970
4177
24886
4083
107977
60063
135300
73060
53936
29717
91943
76339
83511
81823
25292
121461
91130
126519
113099
133744
24296
3507
76179
49827
35717
30259
108061
105183
6674
109837
37993
95447
109844
122895
81569
111043
6898
67860
101168
87187
55478
2386
47377
13578
75141
127672
47273
64144
74692
39686
57523
70786
115622
64263
130680
10240
61912
133280
65293
29733
133951
72812
27824
77920
8222
88754
113337
13381
135466
21023
95970
109364
111187
66084
25812
114133
34820
49070
100864
94251
12569
112413
54563
54509
24342
12822
75560
128798
125173
819
19179
2834
128174
135917
520
69460
83825
48946
132330
29709
27520
13559
69610
47587
81118
115910
42577
61683
132944
120034
8462
36593
104662
88517
50154
27408
28691
58815
118299
38414
13427
105863
121557
97283
118265
49403
19133
68154
37512
41997
6650
25687
52032
1476
67275
24756
120446
79522
112881
2824
492
86898
9929
95624
134076
112253
13087
87587
22615
8125
71900
47209
62658
133050
19395
53711
51857
20905
22435
85798
17336
114805
18188
103508
17475
26058
108936
110977
64746
119269
87784
45483
48134
29678
20945
72641
679
89076
58719
68705
113346
10436
25291
97735
104031
50957
79264
30770
93135
131705
70787
55295
9947
129422
90728
28827
66201
56943
45412
91841
40169
65646
78373
33826
64125
61723
24487
12205
47625
72653
5260
60520
85720
65456
78804
21573
77257
77319
93586
31785
81867
32664
8768
74383
17968
12921
12484
13374
44374
108704
30042
90613
24340
34528
105830
31513
101245
103497
103096
54579
54804
674
70357
31566
99932
48114
16205
91770
32239
17558
105913
99561
91485
33520
8856
97069
122729
78185
80271
49318
87004
97219
51305
96412
116842
83473
32905
45538
20191
119305
101035
11840
12320
31912
47604
62832
109800
90083
2334
34092
62671
98095
91373
88150
100106
1611
17645
18520
80574
131680
34569
7234
107510
44012
29990
94052
51850
81288
41331
2405
136364
40452
3683
65062
100736
55176
20016
35905
97024
86095
13781
67454
121617
119197
47665
18706
68473
75904
79947
106623
41616
8465
3689
63462
13941
60080
52732
29174
87748
6899
51445
43702
1277
77200
96428
24807
103753
52662
118788
54984
14350
22876
123609
115769
109020
43332
4913
83912
35047
109711
77247
54041
33309
13779
25760
67823
25718
53701
109529
52199
57647
34976
87805
98829
19973
8894
83693
57287
135548
91612
23701
861
20562
16466
20929
5876
57236
111115
5286
64441
68251
131263
49307
126544
11870
64397
24335
18662
105299
21029
4333
115374
34192
101717
36792
51062
113086
97246
91091
45289
104620
11220
93978
54665
16093
108729
82231
95038
59447
52833
109304
23143
81598
89710
7985
44845
20091
113703
30628
108273
9303
62091
52215
11104
59421
46963
86801
32881
9167
590
98089
62989
17275
118290
109828
28518
131019
8263
134914
2234
25658
123302
26887
5350
102908
38369
101086
50815
56681
9496
15196
21208
16660
100142
69639
43113
84542
53666
113857
59525
36016
65274
70179
38795
7641
33422
126837
62156
17755
2870
88506
84876
96231
10738
92877
97372
103898
14959
1394
55810
18442
106482
25547
107790
87413
33601
3927
37255
31753
83789
11244
107981
31616
70448
18262
49488
108793
82820
63868
59199
43815
10239
97563
129377
111504
22241
4045
829
57261
44638
25201
12418
65272
134756
75226
49235
102719
24300
25998
108049
31423
60387
38544
33151
134502
78508
127529
1423
30626
9529
28114
4154
49321
14266
20680
20146
46128
108243
26944
81276
76580
39723
32723
21481
76793
1897
39724
133218
21615
46670
119515
69727
25613
84303
441
1224
129013
52453
60846
36618
57946
102430
22163
37415
11645
46880
5100
14507
92074
1595
40608
87742
55760
93871
62533
134626
34496
88522
69554
80778
97660
94745
102158
96321
38512
117370
125489
32646
17432
81092
128933
128960
74004
15919
134902
17505
1289
19100
29231
4404
26382
35817
10497
88491
113141
16027
135525
92278
24591
17808
117562
85447
69188
5281
78388
47240
9089
118164
74269
9393
4286
117494
117973
47095
87310
120014
71042
64223
67336
15259
77701
36595
82598
45084
34641
90344
41771
15877
23527
54899
105074
32813
6707
81145
74830
55425
82482
38242
71987
595
30647
6914
58503
81600
81646
22065
126225
33219
83201
19289
6633
132124
3544
81536
75451
2324
127668
81224
114986
128803
16908
79285
119430
61759
55951
97071
134123
39460
79987
57382
115926
23991
43274
117676
118683
83212
50880
92791
81647
70939
35217
61959
22294
104032
31562
6144
133498
71261
317
33898
39719
3003
16295
64019
101734
130279
73360
78269
61666
25560
66967
64333
103017
106631
4898
122603
71983
79133
77010
22348
110021
99334
35600
68616
670
103170
135144
25616
18502
84881
120723
46245
97594
24364
47779
21089
55028
127400
100087
17184
66815
58722
36667
93192
67168
34031
116727
53636
15940
71690
58087
125357
127793
14155
2336
57441
44365
5028
10837
95386
84154
114412
112270
64819
112953
8431
47090
61638
37407
42695
110890
20589
128549
42652
41966
95043
105887
38314
133879
983
39040
40290
110831
117990
74504
64143
12538
94499
3698
83607
80922
22964
18592
60245
42922
121781
33931
11450
96333
34662
63895
45881
77262
115585
29649
135595
57373
129177
37391
80093
9699
130907
98210
83735
62310
11805
73888
36514
64094
2598
74728
101145
97847
51492
44546
116169
35527
99111
116415
74201
130773
12197
