547
1952
4886
1509
4267
810
4460
2779
1666
3452
3782
1118
3675
2861
4465
2919
2492
261
3647
373
264
3456
4830
2619
2152
4554
2294
4788
3004
1249
703
3599
1606
1565
1728
3755
189
459
2852
2935
2634
3742
1739
2044
2260
4190
4588
2827
1911
2030
4798
711
2026
1326
3394
1070
3385
797
4674
2125
1652
488
4003
1668
387
3540
4195
3367
2725
375
417
1920
4785
464
551
3423
3815
3550
4900
2554
3539
1989
2301
1570
2321
4734
3904
890
4047
2965
853
4315
1678
4246
743
4629
1582
2583
3590
886
1242
4706
3293
398
4905
1709
1854
2317
1303
2129
2077
4490
1255
3218
1253
4653
3497
2903
871
4043
4979
288
3339
532
4416
3174
2578
3089
4978
2439
3082
4442
1350
128
2300
1559
1081
4074
2075
4374
4909
4087
2431
2395
613
1480
293
4225
4110
3786
2783
32
4424
4502
2762
4838
4312
1734
1718
104
3971
42
2388
323
4146
370
3807
2011
4939
3677
1459
1362
4958
280
2458
80
3035
3614
4864
4015
3495
791
1681
1773
4206
1946
3697
873
371
751
3835
4723
2892
70
2978
3648
1351
3092
4811
4160
513
2816
3232
324
2181
2305
174
1342
2428
148
109
3619
2215
2380
1410
3832
469
1114
3240
2226
865
2542
4362
3489
4652
4323
577
1855
3707
305
2430
1972
1835
966
4090
756
2400
3259
3181
322
191
2248
1096
2096
440
62
816
3384
969
1524
2292
2645
1557
2629
4758
3314
4025
1866
1445
3558
1361
364
2503
879
3347
1706
3999
1657
2385
4996
3474
4453
3923
2721
3471
1990
1264
2159
831
909
419
160
2218
1007
727
2498
1138
4541
4422
2377
662
4300
243
4389
4419
2842
1376
2507
3245
2158
2684
215
2091
2048
4329
4151
4189
2116
167
1345
2731
3048
4339
794
1137
4777
3625
394
4519
3300
4516
3163
4915
843
2512
3335
3120
1797
1975
2233
282
891
4805
265
2107
2145
4104
1800
1998
2973
705
4818
3167
56
1251
1315
2216
286
1236
2289
2520
3881
263
2309
2059
1196
236
388
4302
3541
4808
4562
218
119
2281
1912
4084
1165
246
2523
2383
1936
3223
1769
1913
1235
638
1492
393
183
1180
1632
4136
4508
2042
2686
270
3366
984
1214
1638
3172
3938
4827
2695
3995
4501
2627
2161
4804
178
2608
3512
1151
1167
1022
4330
3485
4262
2660
3459
3123
64
3819
1934
1642
2678
2222
4495
4276
176
1371
1646
1401
4837
1724
3958
1906
1440
689
1059
1538
3480
0
2389
2818
3154
548
4231
3036
796
790
444
510
1569
3859
3451
3668
4295
935
2229
4869
150
4593
2710
750
2782
108
1881
384
4962
2058
496
3014
4882
4995
194
2931
771
4532
2858
3857
1994
2876
4274
3831
594
4446
4234
1250
2064
237
4643
1701
586
604
4431
432
433
4018
2719
2966
4676
920
2249
2247
663
1539
2495
3973
729
1006
1502
4510
1924
1218
2741
504
3045
2732
4675
348
206
4306
2591
2126
2959
221
3889
4555
3653
1402
793
3763
1977
2404
1914
2361
4381
1102
3199
4063
3950
3933
197
959
4504
3515
4518
380
4725
4891
357
2178
3063
1553
1836
3732
4884
957
4544
2183
4292
1590
481
3949
4997
717
1208
4794
651
166
2757
4237
1868
1195
1254
965
3158
2378
1311
1487
4400
572
3355
382
3847
2497
475
1357
1246
4606
2920
4549
4921
936
1375
4319
1339
4028
1469
1325
1819
1241
3676
1392
4755
3421
3922
4112
4859
3890
938
2805
256
3600
978
593
1486
2120
294
1560
3061
172
2781
1302
3849
2540
4093
4773
3212
2501
451
3356
3793
675
2271
2703
2450
1676
115
4926
2894
2508
3185
1669
4171
1269
1809
2737
802
2225
2176
1199
855
1962
1986
2654
2366
667
2382
1788
1049
4198
220
3165
1589
152
3547
3151
1740
2510
123
672
3908
3585
4850
4347
1454
2513
1702
2376
2108
4050
3907
2957
1785
3552
3058
290
3009
2359
2511
3757
4781
999
4073
2822
1024
1753
2105
306
1086
1124
963
880
2826
165
2339
1464
3944
1905
4851
1453
2811
544
901
2615
4134
3557
1529
1971
4639
3871
2466
979
228
704
1886
2532
3130
954
1541
1500
4478
4589
3575
3030
527
3954
3636
3383
776
2733
3051
154
1525
3110
4957
3224
878
2792
2006
4390
2667
2813
3953
2932
4299
3168
647
2169
131
557
2555
892
4912
2618
973
1792
4201
2199
922
3468
390
1367
2282
2828
3370
660
4981
1763
1976
4417
2157
1045
329
2860
1890
528
1364
1037
2461
1699
592
25
3597
1947
4611
1206
54
2202
2676
3788
4724
4170
770
4155
625
4101
1261
575
2817
3144
801
4088
4402
4980
73
1008
2070
1233
1593
3690
558
665
4945
1902
90
848
3609
3135
4205
4976
1826
859
260
3265
1090
2298
1105
659
188
2246
250
4471
4260
4505
4278
366
3424
4082
3318
3273
632
1050
3661
889
4221
2500
2457
4133
1608
2017
4200
1046
4780
673
1592
4626
3171
351
4437
1108
2273
147
385
285
3257
4646
3517
2882
4096
372
2485
1089
1620
2084
455
3840
2621
1488
4728
3630
505
83
1211
2088
2722
1417
3133
3994
4188
4113
1030
3804
1186
4866
3432
1867
3275
4309
4807
2787
755
3770
4714
4743
4846
2187
1765
4880
2942
1299
1369
1654
2089
2477
2768
4283
4249
1068
4739
3790
698
386
1683
669
2859
1385
2056
1807
435
3227
1473
2471
2594
3841
3579
1671
169
4819
1869
3473
473
3931
4298
2109
208
399
2259
4943
1641
4049
4756
2850
1243
4718
4356
4181
1884
3017
1073
1029
2715
2448
2080
135
200
2494
4858
4690
3566
4861
3283
1776
512
695
4717
2016
976
2994
3673
3896
3906
787
2543
3306
37
852
3106
1207
4678
1864
924
1398
2548
3194
3869
501
259
3274
3669
3703
3501
2150
3099
4740
2079
2483
1384
3917
542
576
1331
884
1561
4679
1127
3436
3635
38
1472
3875
1431
2464
2407
2693
3672
1174
4515
3350
71
4563
413
2076
1746
3814
2701
1164
4380
1382
1182
3102
2974
381
1139
946
1779
4783
3568
1513
1060
4970
1175
2990
1528
4961
622
1568
2877
1907
266
974
1330
3879
1889
4042
2922
4239
1622
772
4257
258
2943
1334
1894
4168
3046
754
1958
3833
4904
3289
4770
1038
328
3776
91
500
2481
3882
752
3178
989
4637
1919
337
2496
4180
1585
4553
4294
2207
4810
1126
3966
4164
2901
1149
6
4411
2423
4269
3618
4017
3103
2948
3027
2151
1337
1135
1764
3233
3702
2774
4266
3354
2766
3516
3462
2539
3024
340
4840
1155
34
2911
684
4426
4764
3040
1798
578
4924
3072
4115
116
1940
2381
45
407
2117
2348
3643
202
1996
4349
113
2065
3122
3381
3414
3943
3511
847
4069
4498
554
4450
981
4153
2432
564
3929
3011
3219
2287
3303
145
1496
3010
549
2097
921
1380
9
1189
2391
3959
8
4580
3987
168
1527
4776
3280
3365
1470
690
4991
3753
4011
1443
2447
3919
1000
4797
912
3899
1791
3192
3170
4023
1456
2603
3862
164
4685
177
4556
748
4849
2039
4344
3738
4129
3407
1309
1359
2928
3595
3409
2185
562
427
33
203
2427
3037
182
344
1422
2748
3681
4394
2651
2642
2631
1640
516
1679
30
1542
3727
2754
821
958
1442
1021
2143
4079
3305
1482
4220
1332
3510
774
4055
786
4213
173
3592
1966
336
566
97
2411
633
2175
1052
1115
4373
529
2913
4342
1698
3699
474
4759
4969
1687
2357
2072
1134
2643
661
3226
2196
2227
1171
320
4994
2308
3488
2929
4081
1603
1518
3621
779
291
3213
4251
2562
2716
835
86
2799
100
2874
2728
4242
1215
4704
3985
1893
3276
4203
235
29
1405
2276
130
2040
836
4622
1439
4186
4288
1615
3450
4977
926
2090
1978
480
740
1817
1051
412
2438
2291
4745
2422
1091
1621
1930
792
1239
3682
4874
2413
3399
3313
483
1181
438
1675
4143
4522
4117
767
3322
494
289
2760
3554
3626
423
1707
3269
4476
1588
3263
361
2844
1005
3440
4484
179
4218
777
1674
4048
1694
601
4492
758
129
4751
3490
4316
1841
1748
2941
2653
426
431
1771
3812
3705
4571
87
1995
2204
3937
465
4876
406
4175
4229
666
3254
3821
3979
1951
1132
4085
111
4377
2871
4787
3719
1432
2675
3287
297
4395
2347
1731
4051
2365
3570
4831
3567
4616
523
21
992
1040
2318
4680
3094
616
4398
3348
415
3054
1381
945
3271
1146
1320
422
4230
283
253
4538
697
4594
3964
2397
4361
3746
3655
2166
4971
2372
4098
4031
383
4929
3352
1053
2585
4659
2915
2531
1414
2551
4014
2829
2168
2889
314
4586
552
395
1616
807
3838
3870
2638
4238
539
598
3974
2704
735
1054
1471
657
359
3100
18
4145
3357
1028
3334
2319
3749
723
4736
726
4420
2360
4853
1555
1725
3532
157
1009
1862
3029
1637
1305
648
207
1760
3281
3302
4179
155
2744
3180
3230
629
1761
212
2031
4910
1428
2155
244
490
478
3496
4103
1572
2436
3020
3176
3162
2102
3064
3997
1717
4341
1651
4892
1360
1323
947
1944
2488
1106
1354
4914
238
3147
3475
733
2420
2546
3000
2655
3327
4252
3797
898
1452
2845
15
4540
3529
1493
110
3374
1162
281
3298
1103
3535
1483
4701
830
2326
2170
2723
4149
3710
2967
1845
3131
553
2936
4097
1378
525
2062
4412
4712
2019
4271
1964
4204
645
4095
3299
489
4963
2267
1173
77
850
1078
3433
2856
1540
3252
4036
3752
1834
1801
3188
4418
782
1959
162
1041
4570
503
3583
2924
3942
1257
2954
686
1563
1921
3629
4894
156
2414
1419
664
3894
3542
231
251
4931
1290
2478
1755
1846
2060
1421
4334
2010
4503
3005
701
1341
4141
4687
2421
2986
1789
107
4514
3242
4162
2529
1344
2285
2036
497
3866
2656
3945
1535
2836
3780
1670
2387
4847
2020
3445
298
1811
3519
3405
3794
4656
3112
2505
3991
2051
4550
910
2390
4618
4410
2074
2516
333
216
3214
4543
1547
445
3316
3603
122
3328
709
3210
4314
4608
112
1597
1391
555
3150
1573
1508
4908
3140
4241
4686
2053
2370
918
2825
2910
4644
570
2493
3932
3842
1340
4202
4752
74
3792
487
4992
2992
4814
2739
2296
2662
685
4451
2847
332
2584
1322
2547
1804
4525
1900
3741
472
668
3116
63
1543
2103
2611
1475
3728
4709
146
2939
3538
1928
2515
2923
3805
4990
2379
4304
1571
1942
4256
4587
460
404
1197
2814
2147
1825
2830
3930
3329
2206
3310
4835
4032
4584
43
2790
687
1948
1088
4820
618
1649
518
962
3203
1851
519
4368
4726
4848
4066
3481
4843
2975
3127
241
2891
2236
3978
4466
3998
1307
3576
2685
2571
346
3229
1076
3663
4268
312
2186
3948
3311
1316
1983
4707
272
2045
1898
1221
184
1377
448
1772
546
1097
1967
2605
50
1069
51
170
1636
2303
1690
4568
1677
4121
1438
4765
3336
2240
1774
2988
4822
1556
3484
952
543
3331
4856
2252
3993
4844
1705
2940
1026
1544
1749
4163
2455
1523
79
3572
621
106
269
1396
360
2435
201
4281
4800
636
1703
2346
2149
2029
2299
811
2724
3028
560
4185
3454
2683
4287
3696
3420
2566
1554
3382
3101
4705
369
4337
2480
1639
1128
2962
2533
3361
2983
2
4137
4975
1824
534
1495
1346
4947
1665
712
17
1083
893
2009
1163
2718
4627
1719
2351
92
268
275
1925
4604
4941
4259
1072
2711
4359
913
760
3016
4855
3581
1512
3393
3607
1223
2751
1536
3582
4539
486
4212
4757
2231
1738
1833
2156
2794
225
4089
4623
642
4744
2785
851
3159
3561
3076
1566
1395
3868
2067
2765
3905
2384
1564
2917
3437
2410
4784
1447
1125
509
230
1863
1892
1768
4077
4658
1579
4967
363
325
2696
2474
3031
3956
3078
4527
421
159
2490
4582
985
2857
3342
769
4574
4760
151
3721
2113
4473
1510
4336
2812
2142
4067
3216
2418
1010
3126
3041
78
631
1228
4387
4457
1216
1653
4392
1184
2050
2014
4132
964
4790
1915
2479
4842
1704
1183
927
3772
1551
262
753
1963
425
1873
2139
906
3671
142
2315
3720
3779
869
3591
4792
4124
1991
2884
1574
1516
3376
1092
1203
1372
4086
2162
279
1147
4024
903
809
2820
1087
1923
4270
3304
728
3946
1226
4535
1899
2118
1467
4747
1292
1484
2001
114
3055
1238
4742
2673
620
2663
139
3447
1144
3692
308
950
255
3695
812
2672
3500
2337
1178
2092
3778
800
3680
3801
1697
1319
4998
1172
4307
2669
4878
3678
4007
2567
1281
3295
3425
4009
1227
4952
3177
706
2904
3733
69
2648
4647
118
1313
4741
1645
379
4076
1842
2114
4060
4865
762
456
2536
84
3404
3441
530
1161
2707
653
1762
725
4430
2628
1194
1412
3826
4027
4987
2801
4080
2657
2441
3565
1478
1531
1152
4716
4489
1802
1190
2602
3873
303
418
1274
4403
3611
3097
1938
4585
2245
1494
4385
4118
4868
1580
596
1655
2101
3693
844
1071
1973
971
795
341
4443
4815
2839
403
1609
768
2976
138
1348
1312
1818
3888
2269
4573
1393
389
1119
522
192
53
4953
4607
1074
693
58
1248
1661
2934
1389
4296
378
567
3387
3470
2444
1430
2332
3604
296
4983
2613
4986
3795
3564
759
14
2666
3537
2119
3134
137
4310
3731
1416
470
181
2694
3183
3627
4152
4934
2835
2476
350
330
4927
897
3428
3209
803
318
1116
2565
1530
3460
4662
3639
4178
1268
1425
1177
3562
3534
429
4284
4828
2747
857
2195
4245
1065
4000
3262
4531
1204
3139
4885
2659
4058
254
3593
3915
392
2325
4561
3034
2437
1217
773
4250
4930
3296
3955
1757
307
2241
3401
1550
2514
2749
4737
3249
4091
4366
2886
3088
2745
3960
1790
599
2046
2340
4841
3736
4521
1808
3323
2576
2589
2049
521
1607
4497
161
975
870
4748
2944
4459
4235
1505
4187
3198
4363
937
603
545
4468
1358
61
284
3759
1408
3975
101
1477
2132
3206
2705
506
585
2885
1407
3760
3766
2622
4956
3272
2144
4499
1411
3924
3748
623
2970
3228
4918
4528
1754
1908
3876
3196
1633
3735
316
4324
3319
4936
2590
4462
940
3308
49
3038
127
3069
3337
4383
2475
2472
3098
1810
4735
4791
4140
4746
276
746
2054
568
3060
2872
2702
271
1680
4753
2087
2394
875
3743
3685
1080
3725
3825
3220
3317
4775
615
3207
3610
1750
825
2770
310
1954
3204
822
461
2641
2866
1729
2776
587
3215
1131
3765
2486
1805
3724
511
354
2862
408
3817
3408
1733
3573
3940
4102
463
3865
3472
3632
1847
4560
1630
3631
3771
4671
1270
1830
2612
2661
4950
4053
639
22
3775
4224
650
4948
4605
4533
4488
1618
953
2689
1025
1098
2586
900
2133
274
187
2350
2335
2412
1722
249
72
3012
3057
4408
55
4481
507
98
692
3458
400
4895
4839
1213
1904
4681
82
1793
3059
676
4836
4719
2408
95
1047
233
2688
1575
1420
1596
4871
3278
3145
1426
1552
2863
3694
3545
331
2401
2887
2055
2182
1816
2041
3250
1168
2295
3684
1349
3536
2869
2580
991
2363
2028
3246
3083
2949
3713
610
3325
1143
3043
2595
4196
2726
3380
2682
4634
1859
715
1031
1018
3901
3086
4617
828
3829
2763
719
4441
1840
315
2217
88
1166
696
2617
583
1744
4317
4041
2798
643
517
742
678
338
571
2577
2955
3722
1844
4862
2521
4263
3563
3969
2100
1927
2729
2674
3509
766
2620
3983
3015
4004
4355
3208
1503
2559
1634
2849
4285
3018
4214
4972
4322
738
3810
4511
4472
4248
2440
4598
4123
2570
2344
132
1716
2720
3104
430
849
4054
2853
1056
2755
3360
4654
2270
1265
2909
3800
1095
1286
1997
4358
3513
4663
996
2907
1210
1664
3533
3803
1635
3085
2081
3124
3007
2022
3939
2773
4524
2610
1230
2000
2544
3853
4890
4429
319
3920
1896
1252
4721
2938
401
1803
4877
611
1751
3903
3044
671
1343
3645
804
537
4158
1545
732
606
2596
1034
885
2329
2244
1327
691
3628
3813
2063
4633
2950
1192
48
2251
3492
3658
713
3902
4227
1599
2312
4928
2148
28
986
1511
2140
2908
4192
2581
4513
4993
988
2736
2320
3081
1157
4628
1388
4596
2078
1982
4258
2426
589
2758
4863
3090
4193
1981
4565
1711
2254
3487
1600
1129
3301
1577
4829
186
654
67
4447
23
3193
420
4769
163
226
2848
1594
817
4062
2898
1245
1929
3660
2727
535
2797
4689
1304
3
234
467
1696
1209
761
1656
896
3149
10
1839
3079
4920
3737
2881
292
454
3402
2558
2606
1232
939
356
3375
1984
1145
2213
180
3740
3379
736
2998
780
1458
27
617
368
4261
4313
2517
2632
4911
222
1578
2588
1244
3173
842
1933
1455
4951
102
3935
1926
4144
4157
4545
2177
396
3464
2846
2434
327
2446
805
171
3290
3056
1465
905
778
3988
2574
1205
2194
4916
4708
3285
2528
60
3877
149
1917
1499
4215
3569
888
4199
3415
273
1032
3989
3503
4762
4039
3422
4001
1409
588
2552
1179
2069
1240
2793
476
209
4796
3548
2304
1852
499
3963
40
3758
452
3822
1888
1229
2557
4903
4729
4019
1714
2708
1604
4684
4320
2122
883
4809
3340
3872
3687
1279
1960
153
1267
4534
3976
447
2406
3267
4094
4697
4816
858
1329
3096
882
442
2607
498
1435
1067
2692
2489
355
3121
3345
933
2232
4482
799
3251
7
607
2456
1693
193
462
3863
1044
3239
2197
3996
1176
3333
2597
4427
4954
694
2146
2875
2364
3160
1424
956
949
815
1903
198
1247
2518
3559
2112
223
2238
581
2837
35
2646
1629
1111
1968
2880
1403
199
2290
1434
3050
85
987
3549
3518
3118
2933
3498
626
3586
3514
1003
4233
124
1063
908
1117
3650
2094
4590
597
4486
1136
4496
1042
4547
4346
1602
495
4376
41
3161
3861
4600
3137
482
2530
1373
2445
2706
96
4615
1448
3700
934
3113
2640
4922
2769
1682
1756
4517
2280
4569
1648
1838
1461
1462
2214
4458
838
3248
980
2738
923
20
2467
4852
3652
4668
141
4119
1660
3587
609
1282
4479
1843
4873
2956
2713
3398
2141
3261
458
4793
2952
3049
734
1953
951
2460
4255
301
765
2127
915
3389
12
3146
3773
397
2189
1142
3783
574
3202
335
1945
1605
3235
3580
2795
1383
4730
3080
334
2484
4989
658
57
4265
1335
4197
2278
2564
4352
1017
3730
4872
3430
2878
2832
867
4523
1628
3543
1260
16
813
4631
75
2927
309
1601
2463
2587
4754
1468
1123
3522
4546
1001
3307
3574
4946
747
2371
580
2192
453
2865
4595
2223
3928
4070
4253
3952
2778
3152
2873
4613
677
2699
3577
1379
1450
3284
739
2743
3449
1885
2746
321
4779
405
569
3584
450
39
2767
630
229
4406
2184
4172
2349
410
2200
4148
2085
2806
1692
2717
2330
2524
59
2868
4649
4579
993
1901
2250
252
1979
2963
3431
1999
352
232
1695
1109
3520
4648
3075
2128
4933
477
3578
99
11
3225
877
1918
584
2772
707
1284
764
3524
26
1121
1256
3637
1444
700
4881
814
3128
1726
2764
493
4834
4660
785
2262
2398
205
402
4059
1084
2071
3477
775
1758
3820
526
2995
2730
2469
52
3718
784
4854
449
3837
827
1887
3062
4463
103
4209
44
295
3981
3860
2977
2237
2491
2906
4127
600
2953
5
2786
1297
2219
2569
2888
2302
349
4432
4425
3418
2106
4480
2996
204
2930
2043
304
2163
3878
4897
714
3200
634
1399
3125
3674
4559
1112
2468
125
1520
4301
121
439
3608
4236
1858
1275
4645
3980
1613
3444
2946
484
1506
134
175
3377
720
2918
1397
4603
196
1583
2752
219
3247
4722
2263
1099
4409
2843
4832
2210
3640
1386
4272
4982
538
4034
3042
3297
68
4984
982
4210
627
837
1931
3767
1300
4537
1231
4461
1347
652
434
3108
2851
257
19
4405
4566
3624
1437
3686
3827
4750
136
374
3808
4445
1743
3032
2375
2890
1153
834
2961
2015
2261
1650
1688
788
2854
1848
3941
3967
4551
2573
3744
1374
4305
3341
46
76
3397
1501
681
1598
4393
479
1987
2819
649
424
1537
4161
3362
3066
4056
3784
1837
3830
4247
2322
3156
4474
2482
1775
242
2599
4733
4167
3457
2341
195
894
3019
931
1712
2208
126
3654
3664
2626
2470
845
970
4360
267
2780
1122
4326
3571
1781
3022
1799
3091
2968
313
524
2912
2191
2735
2759
299
2879
4452
533
2980
3068
1237
514
2831
1732
300
2502
4696
2333
3521
1663
854
4026
990
2038
3326
1222
4223
3026
2700
4297
688
4092
2867
1310
741
437
4078
1910
2343
2921
824
1433
3070
4277
1285
13
4966
4083
4177
682
3469
89
3442
4040
1875
4938
93
4509
619
4122
1062
1014
2093
2538
1689
4016
4217
3071
4591
358
2386
1280
3774
4399
190
4688
3897
3638
3141
4789
2307
287
995
783
65
1895
2306
31
1631
2021
4108
1815
925
4065
2999
702
1263
2623
4444
820
1077
1567
3839
520
531
3739
1481
4630
1617
874
1219
4906
4375
2452
724
377
3095
4006
1075
2275
2316
24
3642
1992
1658
213
2771
468
2789
1485
1625
872
2697
239
414
4038
730
3789
1158
1476
3189
846
4901
1048
4845
3115
1150
4130
2824
3413
4664
4340
4191
466
1961
4944
2916
4289
3001
347
3294
3482
4576
1786
1957
3986
1856
3448
1039
2362
3039
47
679
3479
3723
1314
637
1451
1107
3909
2526
1276
2541
2047
1736
960
608
4542
1016
2201
680
3846
1306
4968
1104
1133
1159
4291
674
1532
3551
4857
2121
614
1969
1
4125
3951
4176
3992
143
3895
4008
3926
485
4973
3065
1794
2800
1283
3494
4772
4327
1956
4005
2205
3968
1611
1317
1234
550
4493
1130
4925
3315
1878
635
1970
2405
2230
3260
2568
881
605
2338
227
3683
3493
2687
1148
579
4875
1262
133
2809
2601
1533
1113
2424
3343
4786
3689
1644
4348
353
1277
2802
1368
3344
4913
4254
2066
471
916
997
2253
4002
2392
3427
861
1737
1879
2136
2991
3073
411
968
1298
4333
1662
3751
3762
1212
2135
1436
904
2972
1474
2005
1100
1965
4308
4435
860
2791
3222
3666
3499
2900
158
1479
2228
4022
3411
3910
1700
4033
1857
1023
2286
1685
556
4396
2013
590
2266
3601
2234
1301
3506
4182
602
4803
3616
4311
1220
391
2947
1782
446
4483
4932
2190
745
4044
2951
3002
1715
2870
4907
1057
722
1191
1394
1043
1974
1418
2896
1185
818
699
3927
3400
1033
311
2600
1156
3182
2417
1101
4379
4045
829
3455
1169
2535
4273
1562
4332
278
105
2560
1491
4641
416
2625
1423
2609
1272
81
4154
2274
2256
217
4694
3466
1871
4343
4384
3364
277
1897
4142
3117
441
3184
4138
1287
2130
4500
2429
841
4693
2902
3880
876
1626
4013
66
1140
4985
1293
3867
117
4114
36
4454
2284
1659
928
1266
214
4099
1865
3138
731
3417
2796
2358
3008
1993
2002
1591
4782
612
4612
1289
3197
3438
4404
2487
247
3491
4367
1055
1667
376
2647
4286
4338
2239
2604
4378
4529
1720
2003
4183
3105
4421
2123
1328
2572
2650
624
1094
1614
3834
2297
211
595
4159
3363
4651
1463
1258
2522
2810
3900
3148
3544
2442
2324
3255
3848
2537
1318
343
944
140
1154
4470
4072
3531
210
3003
4475
541
1082
317
1710
2926
3291
972
4
582
2419
4120
4898
3769
1366
1370
3729
1874
1295
4940
4328
2841
4824
3084
1526
4350
2864
4436
4536
1085
2336
1747
3761
3369
4526
1723
339
1035
929
1821
826
983
1870
3256
3553
3698
4949
1498
2353
2311
3811
245
4464
1767
4650
4919
2115
573
2160
4621
3947
2598
4578
2035
1935
1587
3809
